ID
211
212
132158
4129
64902
4128
314
2628
10993
8639
27232
6470
23464
26227
29958
6472
63826
29968
635
2731
1738
2593
5723
189
1757
275
55349
875
1491
51268
1610
129642
57678
9388
8525
8526
8527
160851
154141
2710
84649
2712
2717
501
55750
26007
56894
158835
56895
231
5408
5407
5406
8694
4023
219
1609
217
1607
1608
10327
1606
8613
3990
9162
253558
84803
11343
137964
223
224
80339
8611
8612
10554
10555
1056
150763
8513
3725
4208
2005
2002
3727
4616
51776
3925
22800
4217
4214
4215
4216
6885
1326
207
208
409
929
408
4893
80824
63928
25780
4791
4790
4609
4776
1432
2318
2316
3845
2317
5613
7189
7042
1843
1844
7040
7186
627
23118
51295
7048
1849
7046
1847
1848
1845
7043
123745
1846
27091
27092
4763
81579
4773
115727
10746
4149
11221
2254
2253
2252
2251
2250
2248
2249
2246
2247
84867
26291
7850
5601
55799
5602
5600
10235
5320
5605
5321
5606
2122
5322
5603
5604
2263
5609
5922
23542
5923
5607
5924
2264
5608
23162
9064
836
7786
2261
2260
5921
2259
6196
6197
8822
8823
2255
2885
2256
2257
2258
5319
6195
7867
8517
3265
10369
8074
10368
2872
8817
6789
6788
9479
4342
5906
4137
5908
5532
5530
8912
8913
8911
468
10454
2353
9344
27330
5535
59283
5536
5533
59285
5534
59284
6416
1386
5159
8681
8491
8398
30814
8399
9448
9252
673
3551
100137049
4296
9254
3552
64600
1616
10000
10912
26281
5971
8550
6300
5970
2768
3312
3315
5801
8649
1647
4803
1649
9020
57551
5154
27006
5155
51701
5156
5566
5567
5058
5568
1398
994
1399
9175
26279
998
10125
781
782
6722
783
6655
784
785
1147
786
5579
5894
5578
7124
5062
8569
50487
5582
5778
9693
3305
773
3304
5880
3306
776
777
5881
774
3303
84647
775
1850
778
779
11184
7132
1852
5494
5495
5595
8986
93589
3310
5598
9965
5879
6654
5594
11072
5871
5599
1956
9261
1950
6237
51347
55970
4909
3553
22808
4908
3554
7157
355
3164
391013
356
4915
4914
11261
2147
2149
7450
3827
2244
5327
3053
4153
2152
2153
5265
5329
2155
5328
2159
2158
7035
2157
3818
1380
5648
735
2
1378
2161
2162
2160
731
2165
730
733
732
966
5104
2266
1604
729
728
727
623
725
722
721
720
624
3075
629
1361
4179
5627
5345
5624
2243
5054
5340
717
462
716
719
718
713
1675
712
715
714
3426
710
10747
7056
10818
805
801
5170
7161
25
399694
25970
4793
4792
4794
23533
27018
53358
51806
4804
10019
1445
814
7529
596
815
816
817
2309
818
8660
6272
810
10603
5335
5336
7534
396
808
7533
397
7532
7531
5781
6464
8767
387
572
51135
5580
9500
581
2889
57498
10971
11108
2932
5663
3656
3654
8503
11213
5290
5291
5293
2549
25759
3667
10782
5294
8471
5295
5296
163688
4916
29796
4698
4697
100130247
9246
374291
4519
4513
539
4512
341947
4514
1329
1327
4508
7345
4509
10476
4695
4696
4694
9627
317
5413
7327
7326
390424
7416
7417
7419
118424
27089
513
7332
9167
518
517
516
515
514
9377
7318
7317
293
440567
292
498
291
522
54205
6389
6570
6571
56901
7054
83447
842
1351
1350
5481
6392
6390
6391
65018
1349
1346
1347
1345
51465
506
1340
509
7314
170712
5071
7381
1339
1337
7388
7386
7385
7384
4709
4707
4708
4705
4706
4541
4704
4540
4701
4702
10975
27429
4700
4731
4538
4539
4536
125965
4537
84701
4535
6622
4716
4728
4717
4718
4719
4729
4712
4724
4713
4723
4714
4726
4715
4725
4720
4710
4722
4711
11315
1537
2861
6531
120892
114881
9971
10858
26031
8647
114880
10998
8648
80270
10005
5007
6342
114883
6718
5740
9885
3295
1593
570
9023
11001
10499
114876
51302
1646
1581
8309
9420
1582
6256
1645
8644
1109
23600
4267
3683
7305
933
57823
999
1308
29121
2213
5817
3385
29992
6614
3383
4345
54209
9436
8174
958
959
10859
11024
27181
3386
7087
945
946
8778
10990
56654
3384
1277
56253
975
9976
3820
80329
79865
3676
11126
29990
54210
3802
10870
27180
5819
79465
10288
6441
3824
3821
10219
196500
1280
3695
89790
51348
3688
2209
10666
10225
925
1525
81035
912
909
911
910
3689
120425
917
114132
146894
340205
7412
114836
131450
135250
1278
567
915
3903
3904
3811
10871
11314
1281
27036
126014
926
947
930
124599
339390
4068
8519
146722
342510
11006
353514
285852
374383
6402
3805
9437
117157
919
916
2214
100131439
259197
4277
3107
11025
3133
3135
3134
3106
3105
28908
28907
28874
28778
28820
28822
28823
28776
28825
28791
28793
28813
28796
28797
28815
28816
28809
3538
3539
28682
28664
28653
28474
28457
28452
28450
28449
28442
28434
28395
28394
28465
28424
28420
28461
22914
28392
28881
28912
23547
28896
11027
28937
3812
28938
28901
28914
28933
28930
28883
28919
28940
28299
3804
28921
28913
79168
28878
28893
89858
28439
28454
28577
28589
28817
28903
974
5689
695
2534
5704
5685
8454
23198
27071
4775
23291
5705
2280
5720
5711
29760
3710
5714
5706
5684
5700
5693
5687
5721
5688
5716
5713
973
5683
5709
5717
5715
5777
6500
10213
3709
9491
5690
7979
5682
4772
10197
640
5695
7409
5694
8915
5686
6233
7220
30011
7316
3708
143471
118788
4690
5710
5692
80228
5701
5966
9861
6850
5702
8945
6786
10768
10892
5707
5708
5719
5478
5718
84433
5696
5699
3495
3507
7311
122706
5698
4067
5691
84876
3675
3674
64386
1634
823
960
3381
4593
7077
4238
7092
1462
3371
1298
4052
2006
10319
91522
3909
3918
1301
87
8974
59277
827
2192
8516
634
50509
1286
1310
3693
5351
3682
1307
4680
9509
4313
22795
8425
55214
3912
3655
1215
825
1299
7093
4320
1511
4318
655
57642
284217
7076
4324
6650
5802
1311
3696
5118
8985
54829
9644
7448
10536
1303
1297
3910
4015
6678
1294
3694
84695
2202
2335
6382
7143
4811
4237
64175
1509
4317
7276
6696
4053
63923
2331
5033
4327
1300
6385
8785
1088
81578
652
650
8200
10893
826
3791
4016
1463
79709
7837
1289
3911
23473
4148
84034
3691
63827
4017
4038
1284
11095
1514
8728
3679
10753
3915
1515
11131
4316
9313
4322
7057
22801
102
11117
84171
140766
3685
2201
4060
10516
4236
5045
3687
170692
1291
1292
351
11132
84467
3339
8515
1513
8751
3680
1295
170690
1404
222663
8573
8038
871
726
4684
283208
4314
101
6868
667
1834
1758
5352
831
58494
9510
11096
4325
9508
3681
4323
176
50848
9507
80274
136227
3678
4146
9672
4921
23385
824
92291
1520
27302
1293
2199
56999
26577
3673
1508
5654
83700
2200
4239
4319
5479
3817
4054
7148
649
8754
1504
440387
1285
5650
169044
6383
3684
10491
255631
1296
3913
7177
682
30008
256076
1605
85007
977
5339
9378
147968
633
80781
90187
5034
164656
1282
7373
1287
375790
84570
26254
50859
3908
4312
51399
85301
961
3914
1305
1991
1288
8076
4326
23127
1756
388743
1302
1290
1306
780
5644
131873
3672
440854
340267
84290
3690
5175
4321
5645
6401
972
11136
2817
8832
483
338
51206
55423
2734
285
23428
23759
9463
23539
10544
51378
83692
9057
8140
8797
1048
4099
857
5197
6404
2888
965
914
962
4072
7010
8795
51744
440533
29802
3543
482
56301
3512
2995
9123
2886
481
9046
90952
23657
10461
284
6566
9056
7102
2207
83953
5196
6520
3635
7441
2993
5675
1084
4973
8793
6403
7525
3932
2621
5678
6714
6693
140885
3897
57126
5673
3494
3493
5671
5676
5669
4282
5670
5680
5672
2994
10181
5439
6936
5725
9716
23279
23517
5431
7175
84321
9877
55706
55749
9410
11338
4904
1994
27238
55746
29894
79023
56949
6626
9984
10450
51729
81929
10523
55696
51593
10992
2521
10914
10081
3183
10762
8086
23511
988
4670
5434
10291
6634
24144
4809
5435
84271
8563
55954
84844
22938
6430
8106
1477
8480
24148
51340
1478
51213
10084
9688
5432
3191
6625
8175
5438
11100
26121
57794
8896
23658
1993
22794
4927
1655
9343
1665
27339
4928
55110
57122
8683
6428
9631
23398
22916
51639
23451
6432
6429
10286
9295
9129
25949
51692
2733
10285
348995
11193
84248
3181
10212
6431
11017
6631
9972
65109
79902
2962
57187
6633
8189
6628
6629
10236
22826
8021
3188
51691
6638
51690
25804
85313
79228
6627
23225
29107
56259
10250
84991
84950
3178
1660
11097
6426
6434
55339
9128
4686
51645
3184
53371
85437
6636
9818
9785
9775
10907
5546
10262
6637
23020
5433
81608
57721
9879
9589
27316
5440
79869
51503
1977
10283
3192
5903
23165
6396
7307
26097
10898
199746
6427
79622
10482
4116
129401
57703
80145
23350
5437
7884
11157
10569
3190
51585
56339
53981
11051
6632
23524
5436
7536
51362
154007
10713
3187
10421
8233
5093
3185
83443
220988
27258
5356
10465
10978
10594
9416
9092
1479
23283
5441
10949
22827
5430
6635
10946
10189
11066
285755
55599
2963
10772
23450
9883
55660
5094
11325
7919
57819
8449
84324
10921
23636
53938
57461
9939
56001
728343
100101267
54883
221
414
3074
2581
416
56848
5476
57704
55331
10558
79603
410
64781
9517
9218
412
55512
79152
427
25865
10087
411
4759
23683
57488
2531
29095
9217
81537
94101
25870
222
1455
2583
6610
55627
51228
91012
23344
22901
29956
8560
285362
7357
204219
142891
415
83850
10825
130367
79411
151742
166929
153642
171546
8879
6609
125981
123099
8706
2720
94103
253782
55304
7368
8877
340485
2629
79642
339221
340075
5587
56624
165679
2760
5660
259230
129807
4758
347527
3073
10715
80772
708
5270
5547
2815
2814
2811
5657
2812
7414
2983
4638
5829
4637
10580
10398
10627
93408
58498
59
103910
10174
800
4629
301
8291
7094
7168
7170
2977
72
25802
2982
7171
493829
29895
859
302
140465
309
7169
4636
4843
10335
4842
10846
5136
5153
50940
27345
5593
8654
3779
3778
5152
4846
27094
5592
5138
10242
3080
2219
10878
78989
1369
1191
5199
1401
10877
81494
27202
8547
2220
1370
10584
3004
3503
3501
3500
3078
3781
3783
3780
3782
55471
79133
9016
2109
7350
51300
80219
29078
27109
10131
6341
51241
93058
51204
51103
10128
2108
54539
6834
80224
9481
137682
285521
91942
1353
10632
521
55863
2110
126328
7352
7351
28976
25915
84987
55967
51079
116228
9551
1080
8379
23028
1856
5048
27035
7454
55166
54908
1495
57120
1535
26999
4659
10787
5586
54763
5525
5590
6093
3796
5526
5217
54820
23332
50508
60
113457
4660
5063
1781
5289
5527
10403
7514
2017
9183
8655
332
10726
79019
4627
4689
5905
23002
81027
22919
2491
80152
5516
10382
64130
147700
79784
5518
94239
8976
3984
23081
1855
5216
10094
1027
8936
5528
5515
6242
10096
1058
7456
4688
991
25936
1063
9928
23433
91687
81930
644150
11130
11113
5585
64105
3071
10376
80776
8970
3831
3895
5300
7277
151648
10095
6249
1729
85415
3021
1742
10810
4628
4221
9475
55143
1783
10006
89953
7280
347733
5519
57082
10097
79172
10152
1062
81624
8826
84643
354
23421
11004
83540
6279
388
51143
1060
10788
255626
1730
3619
79980
79682
112714
57405
64946
25909
5529
9184
220134
389
3798
701
114793
114822
10163
3017
995
8365
653361
1780
29941
11243
1857
91010
147841
10092
3020
6280
10109
151246
23122
3015
4085
1536
55839
81565
5347
7846
84790
94274
79003
1499
367
5747
699
3799
147179
1072
29984
286205
55055
64837
9793
378708
2810
10458
84617
391
6232
79861
9212
55920
8334
8347
3985
348235
653604
51807
128239
71
8338
9735
8349
752
8340
5501
4771
54821
10383
401541
3014
10811
51466
124056
30849
57591
3013
128312
8364
1778
8356
8363
8351
121504
85236
7278
9055
126961
8337
333932
5500
51517
30851
8341
54145
10093
10552
80086
55766
55845
10381
347688
140735
23380
554313
8370
723790
8362
8342
23191
8339
8355
474382
8344
8361
8348
8353
8368
8354
8345
8350
8294
8331
3018
8367
3012
8360
8343
8968
8335
8346
8359
8366
8357
23166
8685
4481
949
8578
3320
2512
8542
259
3263
335
10808
4035
348
948
55576
10525
213
117156
7184
2495
286133
6288
9332
811
284297
3040
3039
3043
3240
3250
9846
3937
5588
7321
7294
7462
997
9402
3702
7322
10451
7006
2206
257397
7410
7334
2205
3497
27040
7335
56922
8029
5096
4548
5826
4552
64087
25974
2694
326625
4594
166785
3141
81693
51293
55788
27249
686
5091
5095
6948
31
7329
51588
7341
10401
6612
10210
9641
60528
51095
1653
51637
51493
10940
10775
10799
5901
79074
10556
10557
80746
11102
51367
79042
283742
10248
339487
54913
283989
11260
116461
79897
85495
3883
1829
5652
5318
5317
7051
3881
1832
9333
23581
25984
8688
3882
3875
64065
5493
1475
5266
8689
3872
43847
11202
3885
3884
11005
1824
1830
1828
1825
1823
3891
3855
112802
5046
63036
2312
8502
6768
7062
26239
6706
3890
3888
84648
3713
6707
6703
25818
26085
144501
3848
2125
192666
6699
6698
3856
196374
3892
9119
286887
3851
121391
140807
3889
3880
3866
8687
84616
3860
3857
54474
342574
353134
3849
340654
3728
162605
147409
404203
100505724
337880
337959
337879
337976
337882
11187
337966
51350
3854
338785
439915
353142
353145
319101
3852
254910
353135
353288
3858
3850
43849
3868
353131
3861
83902
337979
337973
337967
337969
337971
254950
284827
337972
337963
337977
337978
199834
353139
353332
353140
353141
353143
3859
83901
386681
386674
81851
643803
386685
374454
23254
85290
387266
353132
6701
390792
3886
353133
388818
81870
81871
85289
140258
85285
4014
149018
6704
643418
643414
142910
440051
387273
83900
728224
728255
125115
147183
643394
3853
3887
386683
386679
440023
440021
387264
728299
643812
100505753
100533177
100507608
653240
100132386
730755
81872
85293
83897
83896
386684
386682
337968
85294
728279
386672
386677
126638
386676
83895
353333
353323
81850
100288323
100131902
448835
83899
353137
337960
728318
100132476
386680
57830
85280
6700
386678
337970
353144
6705
337974
440050
85291
337975
3846
386675
387267
996
29945
51433
8697
25906
8881
51529
64682
10393
119504
7324
11065
29882
246184
51434
8540
55711
25979
8443
84188
158833
9584
58155
10659
10658
4841
8405
100126351
100616459
22803
1198
1196
1195
102466749
8899
10147
693221
5681
140890
6421
3276
3275
11218
8559
23405
8732
6433
8731
6829
56853
100302196
102724594
10972
1659
57396
3182
6729
11129
6066
8243
5496
407043
6733
6732
93974
102465669
1355
10063
100616403
100500805
162417
65263
1373
1152
383
384
2746
1158
445
435
6611
5831
5832
4953
6723
4942
5009
95
9331
9514
5499
57515
407037
100616500
102800317
80319
1460
122011
101929777
7480
23401
7482
147111
85409
92140
7481
1459
595
27121
83439
1457
83999
80326
1454
2146
1452
27123
6425
6424
83595
4920
102466740
64321
11197
64840
9314
8061
54361
9350
85407
324
51176
10023
50964
8312
57680
59343
51384
894
56998
896
283106
7976
7855
8321
4040
7473
22943
89780
4041
7472
7475
7474
5176
8325
7477
7476
8326
8323
6423
8324
6422
57291
7471
81029
2535
1488
4919
1487
6259
11211
6932
6934
7187
7100
114609
3661
148022
51284
54472
10333
7099
7098
100313781
353376
7097
7096
29110
51311
3665
54106
4615
8772
8653
338376
9140
79132
3439
1654
10010
57506
9474
9755
100500827
841
1540
843
8737
64135
23586
79671
56832
80143
3458
3456
3576
9636
64343
6387
340061
55593
54941
10521
7706
8717
3627
369
100126325
100506012
255189
283748
8605
100616122
100500808
90871
55572
54968
55101
55744
25880
22877
51085
10018
3630
6347
637
83737
51094
3643
5562
5563
5564
5565
5313
51422
5571
9370
27113
5465
9021
4092
3952
3953
6945
2081
7494
10062
6720
3570
3569
840
53632
79602
100422832
100532726
578
81671
1571
9451
1050
406991
1965
2931
